     0.000     0.000
     0.010     0.010
     0.020     0.020
     0.031     0.030
     0.042     0.040
     0.053     0.050
     0.064     0.060
     0.075     0.070
     0.087     0.080
     0.099     0.090
     0.111     0.100
     0.124     0.110
     0.136     0.120
     0.149     0.130
     0.163     0.140
     0.176     0.150
     0.190     0.160
     0.205     0.170
     0.220     0.180
     0.235     0.190
     4.000     0.800
     4.263     0.810
     4.556     0.820
     4.882     0.830
     5.250     0.840
     5.667     0.850
     6.143     0.860
     6.692     0.870
     7.333     0.880
     8.091     0.890
     9.000     0.900
    10.111     0.910
    11.500     0.920
    13.286     0.930
    15.667     0.940
    19.000     0.950
    24.000     0.960
    32.333     0.970
    49.000     0.980
    99.000     0.990