     0.000     0.000
     0.001     0.001
     0.002     0.002
     0.003     0.003
     0.004     0.004
     0.005     0.005
     0.006     0.006
     0.007     0.007
     0.008     0.008
     0.009     0.009
     0.010     0.010
     0.011     0.011
     0.012     0.012
     0.013     0.013
     0.014     0.014
     0.015     0.015
     0.016     0.016
     0.017     0.017
     0.018     0.018
     0.019     0.019
    49.000     0.980
    51.632     0.981
    54.556     0.982
    57.824     0.983
    61.500     0.984
    65.667     0.985
    70.429     0.986
    75.923     0.987
    82.333     0.988
    89.909     0.989
    99.000     0.990
   110.111     0.991
   124.000     0.992
   141.857     0.993
   165.667     0.994
   199.000     0.995
   249.000     0.996
   332.333     0.997
   499.000     0.998
   999.000     0.999