       nan     0.000
     0.050     0.001
     0.050     0.002
     0.050     0.003
     0.050     0.004
     0.050     0.005
     0.050     0.006
     0.050     0.007
     0.050     0.008
     0.050     0.009
     0.051     0.010
     0.051     0.011
     0.051     0.012
     0.051     0.013
     0.051     0.014
     0.051     0.015
     0.051     0.016
     0.051     0.017
     0.051     0.018
     0.051     0.019
     2.500     0.980
     2.632     0.981
     2.778     0.982
     2.941     0.983
     3.125     0.984
     3.333     0.985
     3.571     0.986
     3.846     0.987
     4.167     0.988
     4.545     0.989
     5.000     0.990
     5.556     0.991
     6.250     0.992
     7.143     0.993
     8.333     0.994
    10.000     0.995
    12.500     0.996
    16.667     0.997
    25.000     0.998
    50.000     0.999