       nan     0.000
     0.051     0.010
     0.051     0.020
     0.052     0.030
     0.052     0.040
     0.053     0.050
     0.053     0.060
     0.054     0.070
     0.054     0.080
     0.055     0.090
     0.056     0.100
     0.056     0.110
     0.057     0.120
     0.057     0.130
     0.058     0.140
     0.059     0.150
     0.060     0.160
     0.060     0.170
     0.061     0.180
     0.062     0.190
     0.250     0.800
     0.263     0.810
     0.278     0.820
     0.294     0.830
     0.312     0.840
     0.333     0.850
     0.357     0.860
     0.385     0.870
     0.417     0.880
     0.455     0.890
     0.500     0.900
     0.556     0.910
     0.625     0.920
     0.714     0.930
     0.833     0.940
     1.000     0.950
     1.250     0.960
     1.667     0.970
     2.500     0.980
     5.000     0.990